[
  [
    [ 1.19648    -0.1606898  -0.740178  ]
    [ 1.22203    -0.2672951  -0.7717485 ]
    [ 1.22311    -0.4338634  -0.7678422 ]
    ...
    [ 0.4974957  -0.2795907  -0.2029592 ]
    [ 0.5064167  -0.286091   -0.2564634 ]
    [ 0.5609918  -0.302237   -0.2553743 ]
  ]

 [[ 0.253887    0.6446213   0.7305601 ]
  [ 0.2547409   0.6470096   0.7330282 ]
  [ 0.256914    0.6468081   0.7354798 ]
  ...
  [ 0.2489302   0.642803    0.7323693 ]
  [ 0.2503708   0.6447095   0.7369245 ]
  [ 0.2513104   0.6440663   0.735841  ]]

 [[ 0.9736077  -0.1844755  -0.2821974 ]
  [ 0.9760866  -0.1867793  -0.2848794 ]
  [ 0.977865   -0.191836   -0.2891687 ]
  ...
  [ 0.9779202  -0.1834941  -0.2829651 ]
  [ 0.9796224  -0.1832831  -0.279844  ]
  [ 0.9775468  -0.1833646  -0.2764387 ]]

 ...

 [[ 0.1943966   0.5317094   0.834933  ]
  [ 0.1938159   0.5319046   0.8337903 ]
  [ 0.1907567   0.5332984   0.8291312 ]
  ...
  [ 0.188955    0.5606699   0.8099954 ]
  [ 0.186853    0.5615242   0.8113412 ]
  [ 0.1877281   0.5637395   0.8163374 ]]

 [[ 0.784794   -0.2597323  -0.2317497 ]
  [ 0.8028195  -0.2151319  -0.2276441 ]
  [ 0.7250539  -0.2064177  -0.2095281 ]
  ...
  [ 0.6540971  -0.140727   -0.2860766 ]
  [ 0.6268603  -0.2748843  -0.2455943 ]
  [ 0.6052588  -0.3292142  -0.1952567 ]]

 [[ 1.268738   -0.09659376 -0.5863129 ]
  [ 1.279794   -0.1457049  -0.6499905 ]
  [ 1.253694   -0.2434517  -0.6121369 ]
  ...
  [ 0.6528463  -0.1067475  -0.3458628 ]
  [ 0.6403954  -0.1062935  -0.339603  ]
  [ 0.6350901  -0.09651686 -0.3273357 ]]
]