[[[2.00524907]
  [2.16039974]
  [2.27381717]
  ...
  [0.36686537]
  [0.40407941]
  [0.47127504]]

 [[1.01371329]
  [1.02084469]
  [1.02529606]
  ...
  [1.01152673]
  [1.0213936 ]
  [1.01944029]]

 [[1.06157854]
  [1.06878783]
  [1.07663955]
  ...
  [1.07006725]
  [1.07156541]
  [1.06563868]]

 ...

 [[0.        ]
  [0.        ]
  [0.        ]
  ...
  [0.        ]
  [0.        ]
  [0.        ]]

 [[0.        ]
  [0.        ]
  [0.        ]
  ...
  [0.        ]
  [0.        ]
  [0.        ]]

 [[0.        ]
  [0.        ]
  [0.        ]
  ...
  [0.        ]
  [0.        ]
  [0.        ]]]